,Date,PCR_Postive_Count,PCR_Positive_Hospitalised,Deceased,Total_Confirmed,Current_Infected,temperature,wind_speed,relative_humidity,Day_of_week,PCR_Postive_Count_lag_-1,PCR_Postive_Count_lag_-2,PCR_Postive_Count_lag_-3,PCR_Postive_Count_lag_-4,PCR_Postive_Count_lag_-5,PCR_Postive_Count_lag_-6,PCR_Postive_Count_lag_-7,Current_Infected_lag_-1,Current_Infected_lag_-2,Current_Infected_lag_-3,Current_Infected_lag_-4,Current_Infected_lag_-5,Current_Infected_lag_-6,Current_Infected_lag_-7
293,2022-06-02,1800,18,1,1009599,34066,15.075466666666667,9.133066666666668,55.836,Thursday,1969.0,3449.0,3389.0,3986.0,3380.0,4270.0,4648.0,32871.0,28402.0,31456.0,32544.0,33655.0,33060.0,37130.0
294,2022-06-03,1969,31,3,1011568,32871,17.985333333333333,9.419866666666667,64.54666666666667,Friday,3449.0,3389.0,3986.0,3380.0,4270.0,4648.0,4888.0,28402.0,31456.0,32544.0,33655.0,33060.0,37130.0,41723.0
295,2022-06-07,3449,37,4,1015017,28402,16.5872,13.0448,72.64266666666667,Tuesday,3389.0,3986.0,3380.0,4270.0,4648.0,4888.0,4553.0,31456.0,32544.0,33655.0,33060.0,37130.0,41723.0,42255.0
296,2022-06-08,3389,47,2,1018406,31456,15.2592,12.1932,83.08133333333333,Wednesday,3986.0,3380.0,4270.0,4648.0,4888.0,4553.0,4406.0,32544.0,33655.0,33060.0,37130.0,41723.0,42255.0,43378.0
297,2022-06-09,3986,36,1,1022392,32544,14.534666666666668,13.602666666666666,76.83466666666666,Thursday,3380.0,4270.0,4648.0,4888.0,4553.0,4406.0,5532.0,33655.0,33060.0,37130.0,41723.0,42255.0,43378.0,48509.0
298,2022-06-10,3380,20,1,1025772,33655,16.961066666666667,7.0868,66.968,Friday,4270.0,4648.0,4888.0,4553.0,4406.0,5532.0,4612.0,33060.0,37130.0,41723.0,42255.0,43378.0,48509.0,52856.0
299,2022-06-13,4270,32,4,1030042,33060,16.7944,11.969999999999999,55.26,Monday,4648.0,4888.0,4553.0,4406.0,5532.0,4612.0,4783.0,37130.0,41723.0,42255.0,43378.0,48509.0,52856.0,55670.0
300,2022-06-14,4648,44,4,1034690,37130,17.72533333333333,8.2028,51.059999999999995,Tuesday,4888.0,4553.0,4406.0,5532.0,4612.0,4783.0,4725.0,41723.0,42255.0,43378.0,48509.0,52856.0,55670.0,57838.0
301,2022-06-15,4888,50,1,1039578,41723,21.50426666666667,7.752133333333333,47.79866666666667,Wednesday,4553.0,4406.0,5532.0,4612.0,4783.0,4725.0,4932.0,42255.0,43378.0,48509.0,52856.0,55670.0,57838.0,57032.0
302,2022-06-17,4553,35,3,1044131,42255,21.460933333333333,7.6352,47.572,Friday,4406.0,5532.0,4612.0,4783.0,4725.0,4932.0,6199.0,43378.0,48509.0,52856.0,55670.0,57838.0,57032.0,62778.0
303,2022-06-20,4406,34,2,1048537,43378,16.00945,12.2127888889,75.55138888900001,Monday,5532.0,4612.0,4783.0,4725.0,4932.0,6199.0,5363.0,48509.0,52856.0,55670.0,57838.0,57032.0,62778.0,67771.0
304,2022-06-21,5532,90,3,1054069,48509,18.066,10.069466666666667,61.088,Tuesday,4612.0,4783.0,4725.0,4932.0,6199.0,5363.0,4714.0,52856.0,55670.0,57838.0,57032.0,62778.0,67771.0,71454.0
305,2022-06-22,4612,64,7,1058681,52856,20.069599999999998,8.239600000000001,64.424,Wednesday,4783.0,4725.0,4932.0,6199.0,5363.0,4714.0,4516.0,55670.0,57838.0,57032.0,62778.0,67771.0,71454.0,72270.0
306,2022-06-23,4783,55,5,1063464,55670,22.9796,9.663333333333332,65.07733333333333,Thursday,4725.0,4932.0,6199.0,5363.0,4714.0,4516.0,5296.0,57838.0,57032.0,62778.0,67771.0,71454.0,72270.0,67478.0
307,2022-06-24,4725,38,0,1068189,57838,18.761866666666666,13.828666666666667,81.16799999999999,Friday,4932.0,6199.0,5363.0,4714.0,4516.0,5296.0,5235.0,57032.0,62778.0,67771.0,71454.0,72270.0,67478.0,72050.0
308,2022-06-27,4932,81,3,1073121,57032,17.584400000000002,11.964400000000001,82.13466666666666,Monday,6199.0,5363.0,4714.0,4516.0,5296.0,5235.0,5692.0,62778.0,67771.0,71454.0,72270.0,67478.0,72050.0,77233.0
309,2022-06-28,6199,43,2,1079320,62778,18.881333333333334,8.7936,61.62266666666667,Tuesday,5363.0,4714.0,4516.0,5296.0,5235.0,5692.0,4910.0,67771.0,71454.0,72270.0,67478.0,72050.0,77233.0,77771.0
310,2022-06-29,5363,77,6,1084683,67771,21.631066666666666,6.383466666666667,59.29600000000001,Wednesday,4714.0,4516.0,5296.0,5235.0,5692.0,4910.0,5018.0,71454.0,72270.0,67478.0,72050.0,77233.0,77771.0,78337.0
311,2022-06-30,4714,42,1,1089397,71454,21.4504,11.193833333333334,65.67733333333334,Thursday,4516.0,5296.0,5235.0,5692.0,4910.0,5018.0,5062.0,72270.0,67478.0,72050.0,77233.0,77771.0,78337.0,74889.0
312,2022-07-01,4516,55,3,1093913,72270,15.942533333333333,11.498266666666666,69.90133333333333,Friday,5296.0,5235.0,5692.0,4910.0,5018.0,5062.0,6370.0,67478.0,72050.0,77233.0,77771.0,78337.0,74889.0,80587.0
313,2022-07-04,5296,69,1,1099209,67478,19.663999999999998,8.794,53.09866666666667,Monday,5235.0,5692.0,4910.0,5018.0,5062.0,6370.0,6029.0,72050.0,77233.0,77771.0,78337.0,74889.0,80587.0,86218.0
314,2022-07-05,5235,74,7,1104444,72050,19.800666666666665,10.6816,51.40533333333334,Tuesday,5692.0,4910.0,5018.0,5062.0,6370.0,6029.0,6297.0,77233.0,77771.0,78337.0,74889.0,80587.0,86218.0,87659.0
315,2022-07-06,5692,54,0,1110136,77233,16.630933333333335,11.375733333333333,56.448,Wednesday,4910.0,5018.0,5062.0,6370.0,6029.0,6297.0,5716.0,77771.0,78337.0,74889.0,80587.0,86218.0,87659.0,88208.0
316,2022-07-07,4910,63,7,1115046,77771,16.438533333333332,14.477466666666666,67.80533333333334,Thursday,5018.0,5062.0,6370.0,6029.0,6297.0,5716.0,5910.0,78337.0,74889.0,80587.0,86218.0,87659.0,88208.0,81323.0
317,2022-07-08,5018,71,6,1120064,78337,17.156799999999997,9.910400000000001,59.0,Friday,5062.0,6370.0,6029.0,6297.0,5716.0,5910.0,7041.0,74889.0,80587.0,86218.0,87659.0,88208.0,81323.0,87953.0
318,2022-07-11,5062,88,24,1125126,74889,18.455333333333332,8.4508,67.58,Monday,6370.0,6029.0,6297.0,5716.0,5910.0,7041.0,5843.0,80587.0,86218.0,87659.0,88208.0,81323.0,87953.0,93379.0
319,2022-07-12,6370,105,3,1131496,80587,20.601066666666668,7.091066666666666,58.827999999999996,Tuesday,6029.0,6297.0,5716.0,5910.0,7041.0,5843.0,4602.0,86218.0,87659.0,88208.0,81323.0,87953.0,93379.0,92261.0
320,2022-07-13,6029,49,4,1137525,86218,24.4016,9.739333333333333,46.91866666666667,Wednesday,6297.0,5716.0,5910.0,7041.0,5843.0,4602.0,4565.0,87659.0,88208.0,81323.0,87953.0,93379.0,92261.0,90960.0
321,2022-07-14,6297,91,6,1143822,87659,21.86146666666667,11.3264,53.064,Thursday,5716.0,5910.0,7041.0,5843.0,4602.0,4565.0,6598.0,88208.0,81323.0,87953.0,93379.0,92261.0,90960.0,84698.0
322,2022-07-15,5716,73,12,1149538,88208,17.795333333333335,9.906266666666665,52.772000000000006,Friday,5910.0,7041.0,5843.0,4602.0,4565.0,6598.0,5792.0,81323.0,87953.0,93379.0,92261.0,90960.0,84698.0,89989.0
323,2022-07-18,5910,36,7,1155448,81323,24.234933333333334,6.959066666666667,37.45333333333333,Monday,7041.0,5843.0,4602.0,4565.0,6598.0,5792.0,4841.0,87953.0,93379.0,92261.0,90960.0,84698.0,89989.0,94494.0
324,2022-07-19,7041,111,6,1162489,87953,27.189200000000003,11.05,35.965333333333334,Tuesday,5843.0,4602.0,4565.0,6598.0,5792.0,4841.0,3913.0,93379.0,92261.0,90960.0,84698.0,89989.0,94494.0,92589.0
325,2022-07-20,5843,97,11,1168332,93379,25.328933333333335,12.5592,51.967999999999996,Wednesday,4602.0,4565.0,6598.0,5792.0,4841.0,3913.0,3133.0,92261.0,90960.0,84698.0,89989.0,94494.0,92589.0,90382.0
326,2022-07-21,4602,62,3,1172934,92261,20.8016,14.133999999999999,70.77733333333335,Thursday,4565.0,6598.0,5792.0,4841.0,3913.0,3133.0,,90960.0,84698.0,89989.0,94494.0,92589.0,90382.0,
327,2022-07-22,4565,57,3,1177499,90960,21.665466666666664,9.111466666666667,63.888000000000005,Friday,6598.0,5792.0,4841.0,3913.0,3133.0,,,84698.0,89989.0,94494.0,92589.0,90382.0,,
328,2022-07-25,6598,63,14,1184097,84698,24.600399999999997,15.073066666666668,51.744,Monday,5792.0,4841.0,3913.0,3133.0,,,,89989.0,94494.0,92589.0,90382.0,,,
329,2022-07-26,5792,137,6,1189889,89989,20.124399999999998,12.751866666666666,58.25866666666666,Tuesday,4841.0,3913.0,3133.0,,,,,94494.0,92589.0,90382.0,,,,
330,2022-07-27,4841,104,3,1194730,94494,18.50453333333333,12.537733333333334,54.68266666666667,Wednesday,3913.0,3133.0,,,,,,92589.0,90382.0,,,,,
331,2022-07-28,3913,76,7,1198643,92589,20.134,12.2512,49.39066666666667,Thursday,3133.0,,,,,,,90382.0,,,,,,
332,2022-07-29,3133,71,0,1201776,90382,21.59173333333333,9.593466666666666,52.84133333333333,Friday,,,,,,,,,,,,,,
